uav_name:
    id: 5
    x: -0.7500000000000007
    y: -1.2990381056766576
    z: 0.0
    heading: 0
