uav_name:
    id: 6
    x: 0.7500000000000002
    y: -1.299038105676658
    z: 0.0
    heading: 0
