uav_name:
    id: 3
    x: -0.7499999999999997
    y: 1.299038105676658
    z: 0.0
    heading: 0
