uav_name:
    id: 2
    x: 0.3750000000000001
    y: 0.649519052838329
    z: 98.6
    heading: 0