uav_name:
    id: 2
    x: 0.5000000000000001
    y: 0.8660254037844386
    z: 98.6
    heading: 0