uav_name:
    id: 3
    x: -0.37499999999999983
    y: 0.649519052838329
    z: 98.6
    heading: 0