uav_name:
    id: 3
    x: -0.4499999999999998
    y: 0.7794228634059949
    z: 98.6
    heading: 0