uav_name:
    id: 3
    x: -0.6499999999999997
    y: 1.1258330249197703
    z: 98.6
    heading: 0