uav_name:
    id: 3
    x: -0.47499999999999976
    y: 0.8227241335952168
    z: 98.6
    heading: 0