uav_name:
    id: 3
    x: -0.4999999999999998
    y: 0.8660254037844387
    z: 98.6
    heading: 0