uav_name:
    id: 3
    x: -0.39999999999999986
    y: 0.692820323027551
    z: 98.6
    heading: 0