uav_name:
    id: 5
    x: -0.5000000000000004
    y: -0.8660254037844384
    z: 98.6
    heading: 0