uav_name:
    id: 5
    x: -0.4500000000000004
    y: -0.7794228634059945
    z: 98.6
    heading: 0