uav_name:
    id: 5
    x: -0.40000000000000036
    y: -0.6928203230275507
    z: 98.6
    heading: 0