uav_name:
    id: 5
    x: -0.6500000000000006
    y: -1.1258330249197699
    z: 98.6
    heading: 0