uav_name:
    id: 5
    x: -0.37500000000000033
    y: -0.6495190528383288
    z: 98.6
    heading: 0