uav_name:
    id: 5
    x: -0.4750000000000004
    y: -0.8227241335952165
    z: 98.6
    heading: 0