uav_name:
    id: 6
    x: 0.4750000000000001
    y: -0.8227241335952167
    z: 98.6
    heading: 0