uav_name:
    id: 6
    x: 0.40000000000000013
    y: -0.6928203230275509
    z: 98.6
    heading: 0