uav_name:
    id: 6
    x: 0.6500000000000001
    y: -1.12583302491977
    z: 98.6
    heading: 0