uav_name:
    id: 6
    x: 0.4500000000000001
    y: -0.7794228634059948
    z: 98.6
    heading: 0